// MilkShape 3D ASCII

Frames: 1
Frame: 1

Meshes: 17
"Pelvis" 0 0
40
0 -1.260000 -0.250000 0.980000 0.302734 0.814453 2
0 -1.430000 -0.400000 0.260000 0.255859 0.814453 2
0 -1.150000 0.240000 0.070000 0.255859 0.755859 2
0 -1.150000 0.240000 0.070000 0.494141 0.376953 2
0 -1.430000 -0.400000 0.260000 0.494141 0.435547 2
0 -1.059999 -0.730000 -0.650000 0.447266 0.435547 2
0 0.250000 -0.230000 1.270000 0.392578 0.814453 2
0 0.650000 -0.450000 1.370000 0.412109 0.833984 2
0 0.330000 -1.690001 0.960000 0.404297 0.869141 2
0 -0.639999 -0.450000 1.370000 0.341797 0.833984 2
0 -0.320000 -1.690001 0.960000 0.349609 0.869141 2
0 1.270000 -0.250000 0.980000 0.451172 0.814453 2
0 0.980000 0.430000 0.630000 0.439453 0.755859 2
0 1.160000 0.240000 0.070000 0.498047 0.755859 2
0 1.070000 -0.730000 -0.650000 0.302734 0.435547 2
0 1.440001 -0.400000 0.260000 0.255859 0.435547 2
0 1.160000 0.240000 0.070000 0.255859 0.376953 2
0 0.000000 -1.700000 0.880000 0.376953 0.869141 2
0 0.120000 -1.620000 0.150000 0.388672 0.873047 2
0 -0.240000 -0.230000 1.270000 0.361328 0.814453 2
0 0.000000 0.460000 0.780000 0.376953 0.755859 2
0 -0.970000 0.430000 0.630000 0.314453 0.755859 2
0 0.200000 -1.840000 -0.650000 0.396484 0.873047 2
0 -0.190001 -1.840000 -0.650000 0.357422 0.873047 2
0 -0.110001 -1.620000 0.150000 0.365234 0.873047 2
0 -0.740000 0.020000 -0.650000 0.435547 0.376953 2
0 -0.190001 -1.840000 -0.650000 0.392578 0.494141 2
0 0.750000 0.020000 -0.650000 0.314453 0.376953 2
0 1.440001 -0.400000 0.260000 0.498047 0.814453 2
0 0.200000 -1.840000 -0.650000 0.357422 0.494141 2
0 -0.240000 -0.230000 1.270000 0.255859 0.876953 2
0 -0.280000 -1.130000 2.160000 0.255859 0.982422 2
0 -0.280000 -1.260000 2.020000 0.255859 0.982422 2
0 0.250000 -0.230000 1.270000 0.314453 0.876953 2
0 0.290000 -1.130000 2.160000 0.314453 0.978516 2
0 0.000000 -1.280000 2.270000 0.287109 0.994141 2
0 0.290000 -1.260000 2.020000 0.314453 0.982422 2
0 0.290000 -1.130000 2.160000 0.314453 0.982422 2
0 0.000000 -1.410000 2.130000 0.287109 0.994141 2
0 -0.280000 -1.130000 2.160000 0.255859 0.978516 2
38
0.796240 -0.304992 -0.522476
0.895448 -0.428051 -0.122248
0.890321 -0.437055 -0.127716
0.820865 -0.289336 0.492409
0.863156 -0.246864 0.440477
0.621307 -0.218996 0.752342
0.054948 -0.207667 -0.976655
-0.207343 -0.164236 -0.964384
-0.020145 0.588243 -0.808433
0.207342 -0.164236 -0.964384
0.018595 0.588551 -0.808246
-0.796240 -0.304992 -0.522476
-0.407715 -0.605380 -0.683582
-0.890321 -0.437055 -0.127716
-0.621307 -0.218997 0.752342
-0.863156 -0.246865 0.440477
-0.820864 -0.289337 0.492409
-0.001073 0.820149 -0.572148
-0.018400 0.999649 -0.019058
-0.055917 -0.207495 -0.976637
0.000497 -0.600832 -0.799375
0.408085 -0.605024 -0.683676
0.000000 0.964205 -0.265157
0.014287 0.996556 -0.081686
0.212493 -0.090663 0.972948
0.000000 0.000000 1.000000
-0.288936 -0.123280 0.949378
-0.895448 -0.428052 -0.122249
0.945873 -0.244199 0.213753
0.999501 -0.023158 0.021504
0.704653 0.399583 0.586343
-0.946192 -0.243699 0.212910
0.091752 -0.698115 -0.710082
-0.001064 -0.697250 -0.716827
-0.704679 0.399567 0.586322
-0.999501 -0.023158 0.021504
-0.000025 0.588791 0.808286
-0.094934 -0.697833 -0.709941
39
0 0 1 2 0 1 2 1
0 3 4 5 3 4 5 1
0 6 7 8 6 7 8 1
0 9 10 0 9 10 0 1
0 11 12 13 11 12 13 1
0 14 15 16 14 15 16 1
0 17 8 18 17 8 18 1
0 19 20 6 19 20 6 1
0 12 7 6 12 7 6 1
0 19 9 21 19 9 21 1
0 11 8 7 11 8 7 1
0 9 0 21 9 0 21 1
0 12 11 7 12 11 7 1
0 22 23 24 22 22 23 1
0 24 10 17 23 10 17 1
0 24 17 18 23 17 18 1
0 25 5 26 24 5 25 1
0 5 25 3 5 24 3 1
0 16 27 14 16 26 14 1
0 13 28 11 13 27 11 1
0 2 21 0 2 21 0 1
0 10 9 19 10 9 19 1
0 6 8 17 6 8 17 1
0 17 10 19 17 10 19 1
0 17 19 6 17 19 6 1
0 29 14 27 25 14 26 1
0 27 25 29 26 24 25 1
0 24 18 22 23 18 22 1
0 6 20 12 6 20 12 1
0 21 20 19 21 20 19 1
0 29 25 26 25 24 25 1
0 30 31 32 28 29 30 1
0 33 34 35 31 32 33 1
0 33 36 37 31 34 35 1
0 30 32 38 28 30 36 1
0 33 30 38 31 28 36 1
0 38 36 33 36 34 31 1
0 35 39 30 33 37 28 1
0 35 30 33 33 28 31 1
"R upper leg" 0 0
35
0 -0.830000 0.170000 0.140000 0.279297 0.525391 7
0 -1.429674 -0.399982 0.259646 0.279297 0.505859 2
0 -1.259260 -0.249800 0.979887 0.255859 0.505859 2
0 -0.480000 0.530000 0.580000 0.310547 0.513672 7
0 -1.259260 -0.249800 0.979887 0.314453 0.623047 2
0 -0.319694 -1.689877 0.960143 0.349609 0.529297 2
0 -0.109878 -1.619835 0.150007 0.349609 0.529297 2
0 -0.189398 -1.840165 -0.650492 0.326172 0.533203 2
0 0.740000 -1.010000 -0.880000 0.326172 0.544922 7
0 -1.059610 -0.729437 -0.650019 0.302734 0.513672 2
0 -0.559999 -0.280000 -0.880000 0.302734 0.533203 7
0 0.809999 -0.930000 0.010000 0.349609 0.541016 7
0 1.040000 -4.090000 -0.990000 0.326172 0.623047 7
0 1.040000 -4.090000 1.190000 0.373047 0.623047 7
0 0.580000 -0.980000 0.950000 0.373047 0.544922 7
0 -0.319694 -1.689877 0.960143 0.373047 0.529297 2
0 -1.090000 -4.090000 -0.990000 0.302734 0.623047 7
0 0.580000 -0.980000 0.950000 0.353516 0.544922 7
0 1.040000 -4.090000 1.190000 0.365234 0.623047 7
0 -0.680000 -0.430000 0.830000 0.306641 0.537109 7
0 -0.940001 -0.430000 -0.010000 0.283203 0.537109 7
0 -0.480000 0.530000 0.580000 0.255859 0.513672 7
0 -0.680000 -0.430000 0.830000 0.255859 0.537109 7
0 -1.090000 -4.090000 1.190000 0.255859 0.623047 7
0 -1.090000 -4.090000 1.190000 0.294922 0.623047 7
0 -0.830000 0.170000 0.140000 0.376953 0.876953 7
0 -0.940001 -0.430000 -0.010000 0.376953 0.931641 7
0 -0.980000 -0.610001 1.430000 0.435547 0.931641 7
0 -1.180000 -0.330000 1.500000 0.435547 0.876953 7
0 -0.000387 -1.279883 2.270350 0.494141 0.931641 2
0 -0.000046 -1.410141 2.130112 0.494141 0.931641 2
0 -0.950000 -0.260000 1.320000 0.435547 0.876953 7
0 -0.279907 -1.259912 2.020114 0.494141 0.876953 2
0 -0.280025 -1.130013 2.159938 0.494141 0.876953 2
0 -1.180000 -0.330000 1.500000 0.376953 0.876953 7
35
0.369398 0.799322 -0.473952
-0.703111 0.639206 -0.311529
-0.699052 0.715070 0.000133
0.172921 0.095886 0.980257
0.298635 0.181997 0.936853
0.093937 0.174628 0.980143
0.627232 -0.773744 0.088884
0.154778 -0.512410 -0.844677
0.080427 -0.823744 0.561229
-0.546803 0.190671 -0.815261
0.078176 0.299270 -0.950961
-0.671076 -0.741327 -0.009564
-0.873927 -0.091382 0.477390
-0.985515 -0.117423 -0.122363
0.152843 -0.987935 -0.024953
0.617419 -0.781193 0.092365
0.622751 -0.079214 0.778400
-0.065861 -0.156624 -0.985460
0.032777 -0.082568 -0.996046
0.016445 -0.138473 -0.990230
0.989693 -0.140184 0.029274
0.224078 0.659324 -0.717691
0.922122 -0.176821 -0.344131
0.984929 -0.088992 -0.148309
0.000000 -0.097888 -0.995197
-0.723493 -0.664659 -0.186509
0.806724 0.531511 0.258251
-0.177103 0.908608 -0.378240
0.828010 0.523904 0.199809
0.651362 0.757647 -0.041216
0.460358 -0.194140 -0.866245
-0.828859 -0.557056 0.051788
-0.835139 -0.458578 0.303725
-0.855983 -0.357674 0.373314
-0.111490 -0.869768 -0.480702
38
0 0 1 2 0 1 2 1
0 3 4 5 3 4 5 1
0 6 7 8 6 7 8 1
0 7 9 10 7 9 10 1
0 11 12 13 11 12 13 1
0 14 15 6 14 15 6 1
0 8 12 11 8 12 11 1
0 10 16 8 10 16 8 1
0 1 0 10 1 0 10 1
0 17 18 19 17 18 19 1
0 20 16 10 20 16 10 1
0 2 21 0 2 21 0 1
0 13 14 11 13 14 11 1
0 5 17 3 5 17 3 1
0 6 11 14 6 11 14 1
0 8 11 6 8 11 6 1
0 10 9 1 10 9 1 1
0 0 21 22 0 21 22 1
0 19 3 17 19 3 17 1
0 20 0 22 20 0 22 1
0 20 10 0 20 10 0 1
0 23 16 20 23 16 20 1
0 20 22 23 20 22 23 1
0 10 8 7 10 8 7 1
0 8 16 12 8 16 12 1
0 19 18 24 19 18 24 1
0 25 26 27 25 26 27 1
0 26 28 27 26 28 27 1
0 29 30 27 29 30 27 1
0 31 27 32 31 27 32 1
0 28 26 25 28 26 25 1
0 27 31 25 27 31 25 1
0 33 29 28 33 29 28 1
0 25 31 34 25 31 34 1
0 27 28 29 27 28 29 1
0 31 32 33 31 32 33 1
0 33 34 31 33 34 31 1
0 32 27 30 32 27 30 1
"R lower arm" 0 0
26
0 -1.300000 -3.610001 0.220000 0.435547 0.505859 6
0 -0.850000 -4.230000 -1.610000 0.376953 0.623047 6
0 -0.780000 -2.980000 -1.040000 0.376953 0.505859 6
0 0.950000 -4.059999 1.580000 0.345703 0.744141 6
0 -0.940001 -4.059999 1.580000 0.283203 0.744141 6
0 1.090000 -0.670000 1.250000 0.341797 0.642578 6
0 1.309999 -3.610001 0.220000 0.349609 0.744141 6
0 0.950000 -4.059999 1.580000 0.373047 0.744141 6
0 1.090000 -0.670000 1.250000 0.373047 0.642578 6
0 0.860001 -4.230000 -1.610000 0.376953 0.623047 6
0 -1.090000 -4.089773 -0.989401 0.302734 0.626953 7
0 -1.090000 -4.089773 1.189852 0.255859 0.626953 7
0 -1.139999 -0.670000 1.250000 0.255859 0.642578 6
0 -1.090000 -4.089773 1.189852 0.287109 0.626953 7
0 1.040001 -4.089773 1.189852 0.341797 0.626953 7
0 -1.139999 -0.670000 1.250000 0.287109 0.642578 6
0 1.040001 -4.089773 -0.989401 0.326172 0.626953 7
0 1.090000 -0.670000 -0.940000 0.326172 0.642578 6
0 -0.780000 -2.980000 -1.040000 0.302734 0.744141 6
0 0.790000 -2.980000 -1.040000 0.326172 0.744141 6
0 -1.139999 -0.670000 -0.940000 0.302734 0.642578 6
0 0.790000 -2.980000 -1.040000 0.376953 0.505859 6
0 1.309999 -3.610001 0.220000 0.435547 0.505859 6
0 -0.940001 -4.059999 1.580000 0.255859 0.744141 6
0 -1.300000 -3.610001 0.220000 0.279297 0.744141 6
0 1.040001 -4.089773 1.189852 0.373047 0.626953 7
24
0.937540 -0.186432 0.293705
0.571717 -0.366695 0.733945
0.371224 -0.402382 0.836828
0.000000 -0.096887 -0.995295
0.000000 -0.208639 -0.977993
-0.998143 0.013837 0.059330
-0.967848 0.015531 -0.251055
0.129384 -0.329095 -0.935391
-0.371224 -0.402382 0.836828
-0.707106 -0.000124 -0.707108
-0.999893 -0.014619 0.000000
-0.128345 -0.199154 -0.971527
0.000000 -0.017586 0.999845
0.000000 -0.130359 0.991467
0.894407 -0.006617 -0.447205
-0.840530 -0.004464 -0.541746
0.530224 0.045982 0.846610
-0.349121 0.004775 0.937066
0.530385 -0.011970 0.847673
-0.571717 -0.366695 0.733944
-0.937540 -0.186432 0.293704
0.968838 0.033265 -0.245450
0.997331 0.034767 0.064210
0.999893 -0.014619 0.000000
22
0 0 1 2 0 1 2 1
0 3 4 5 3 3 4 1
0 6 7 8 5 6 7 1
0 1 9 2 1 8 2 1
0 10 11 12 9 10 11 1
0 13 14 15 12 12 13 1
0 16 17 8 14 15 7 1
0 16 10 17 14 9 15 1
0 18 19 20 16 17 18 1
0 21 9 22 19 8 20 1
0 12 23 24 11 21 22 1
0 24 18 20 22 16 18 1
0 17 19 6 15 17 5 1
0 8 17 6 7 15 5 1
0 24 20 12 22 18 11 1
0 8 25 16 7 23 14 1
0 12 20 10 11 18 9 1
0 5 4 15 4 3 13 1
0 2 9 21 2 8 19 1
0 15 14 5 13 12 4 1
0 17 10 20 15 9 18 1
0 20 19 17 18 17 15 1
"R foot" 0 0
36
0 -1.209999 -0.830000 -0.270000 0.435547 0.623047 4
0 -0.850019 -4.229679 -1.610000 0.376953 0.623047 6
0 -1.300018 -3.610001 0.220000 0.435547 0.505859 6
0 -0.940019 -4.059828 1.580000 0.494141 0.505859 6
0 0.949983 -4.059828 1.580000 0.494141 0.505859 6
0 -0.770000 -1.340000 1.050000 0.494141 0.623047 4
0 -0.880001 -0.809999 -0.040000 0.458984 0.697266 4
0 -0.770000 -1.340000 -0.180000 0.451172 0.744141 4
0 0.889999 -0.809999 -0.040000 0.458984 0.697266 4
0 0.559999 -0.049999 -1.980000 0.380859 0.654297 4
0 -0.540001 -0.049999 -1.980000 0.380859 0.654297 4
0 0.710000 -0.510000 -2.450000 0.376953 0.697266 4
0 -0.470001 -1.350000 -2.130000 0.388672 0.744141 4
0 0.480000 -1.350000 -2.130000 0.388672 0.744141 4
0 -0.700001 -0.510000 -2.450000 0.376953 0.697266 4
0 0.780000 -1.350000 -0.780000 0.427734 0.744141 4
0 -0.850019 -4.229679 -1.610000 0.408203 0.626953 6
0 0.859982 -4.229679 -1.610000 0.408203 0.626953 6
0 0.960000 -1.000000 -0.780000 0.427734 0.697266 4
0 -0.950001 -1.000000 -0.780000 0.427734 0.697266 4
0 0.780000 -1.340000 1.050000 0.494141 0.623047 4
0 1.309983 -3.610001 0.220000 0.435547 0.505859 6
0 0.859982 -4.229679 -1.610000 0.376953 0.623047 6
0 1.220000 -0.830000 -0.270000 0.435547 0.623047 4
0 0.889999 -0.809999 -0.040000 0.427734 0.580078 4
0 0.780000 -1.340000 1.050000 0.478516 0.623047 4
0 1.220000 -0.830000 -0.270000 0.435547 0.595703 4
0 -0.880001 -0.809999 -0.040000 0.431641 0.583984 4
0 -0.850019 -4.229679 -1.610000 0.373047 0.541016 6
0 -1.209999 -0.830000 -0.270000 0.435547 0.595703 4
0 -0.770000 -1.350000 -0.780000 0.427734 0.744141 4
0 -0.770000 -1.340000 1.050000 0.494141 0.744141 4
0 0.780000 -1.340000 -0.180000 0.451172 0.744141 4
0 0.780000 -1.340000 1.050000 0.494141 0.744141 4
0 -0.770000 -1.340000 1.050000 0.478516 0.623047 4
0 0.859982 -4.229679 -1.610000 0.373047 0.541016 6
34
-0.997407 0.042530 0.058058
-0.971807 -0.010052 -0.235564
-0.987991 0.068200 0.138648
-0.587701 0.189991 0.786455
0.380738 0.199730 0.902854
-0.577131 0.180677 0.796414
0.398503 0.906483 -0.139584
0.430320 0.304319 0.849832
-0.487215 0.504946 0.712496
-0.473766 -0.478419 -0.739365
0.512752 -0.854089 0.087271
-0.355304 -0.325174 0.876368
0.461555 0.813798 0.353129
-0.464864 0.651733 0.599288
0.342930 0.096772 0.934363
-0.350209 0.906072 -0.237461
-0.405118 -0.128130 -0.905242
0.620792 -0.140883 -0.771213
-0.489211 0.860576 0.141708
0.489201 0.860583 0.141705
0.749029 0.158424 0.643317
0.987992 0.068187 0.138647
0.971807 -0.010064 -0.235562
0.997407 0.042517 0.058058
-0.131381 0.953453 -0.271416
0.355019 0.826151 0.437534
0.131382 0.953452 -0.271417
0.518540 0.360510 -0.775338
0.532962 0.826498 -0.181256
0.406113 0.913823 0.000000
-0.410565 0.816750 0.405409
-0.631184 0.775633 0.000000
-0.355023 0.826149 0.437535
-0.518535 0.360515 -0.775339
40
0 0 1 2 0 1 2 1
0 3 4 5 3 4 5 1
0 6 7 8 6 7 8 1
0 9 10 11 9 10 11 1
0 12 13 14 12 13 14 1
0 13 12 15 13 12 15 1
0 10 9 16 10 9 16 1
0 17 9 11 17 9 11 1
0 18 11 13 18 11 13 1
0 16 19 14 16 19 14 1
0 12 14 19 12 14 19 1
0 20 4 21 20 4 21 1
0 21 22 23 21 22 23 1
0 2 3 5 2 3 5 1
0 24 25 26 24 25 24 1
0 27 28 29 26 27 26 1
0 11 18 17 11 18 17 1
0 14 10 16 14 10 16 1
0 5 0 2 5 0 2 1
0 21 23 20 21 23 20 1
0 30 19 6 28 19 6 1
0 7 31 32 7 29 30 1
0 32 33 8 30 31 8 1
0 6 31 7 6 29 7 1
0 29 34 27 26 32 26 1
0 26 35 24 24 33 24 1
0 8 17 18 8 17 18 1
0 19 16 6 19 16 6 1
0 8 18 15 8 18 15 1
0 8 15 6 8 15 6 1
0 19 30 12 19 28 12 1
0 13 15 18 13 15 18 1
0 5 4 20 5 4 20 1
0 8 7 32 8 7 30 1
0 11 10 14 11 10 14 1
0 14 13 11 14 13 11 1
0 15 12 30 15 12 28 1
0 16 9 17 16 9 17 1
0 32 31 33 30 29 31 1
0 6 15 30 6 15 28 1
"L upper leg" 0 0
35
0 1.269941 -0.249719 0.979868 0.255859 0.505859 2
0 1.439329 -0.399506 0.260108 0.279297 0.505859 2
0 0.840000 0.170000 0.140000 0.279297 0.525391 14
0 0.329562 -1.689956 0.960036 0.349609 0.529297 2
0 1.269941 -0.249719 0.979868 0.314453 0.623047 2
0 0.490000 0.530000 0.580000 0.310547 0.513672 14
0 -0.730000 -1.010000 -0.880000 0.326172 0.544922 14
0 0.199138 -1.839764 -0.650186 0.326172 0.533203 2
0 0.119997 -1.620031 0.150159 0.349609 0.529297 2
0 0.570000 -0.280000 -0.880000 0.302734 0.533203 14
0 1.070014 -0.729829 -0.649938 0.302734 0.513672 2
0 -1.030000 -4.090000 1.190000 0.373047 0.623047 14
0 -1.030000 -4.090000 -0.990000 0.326172 0.623047 14
0 -0.800000 -0.930000 0.010000 0.349609 0.541016 14
0 0.329562 -1.689956 0.960036 0.373047 0.529297 2
0 -0.570000 -0.980000 0.950000 0.373047 0.544922 14
0 0.690001 -0.430000 0.830000 0.306641 0.537109 14
0 1.100000 -4.090000 1.190000 0.294922 0.623047 14
0 -0.570000 -0.980000 0.950000 0.353516 0.544922 14
0 1.100000 -4.090000 -0.990000 0.302734 0.623047 14
0 0.950000 -0.430000 -0.010000 0.283203 0.537109 14
0 0.490000 0.530000 0.580000 0.255859 0.513672 14
0 0.690001 -0.430000 0.830000 0.255859 0.537109 14
0 1.100000 -4.090000 1.190000 0.255859 0.623047 14
0 -1.030000 -4.090000 1.190000 0.365234 0.623047 14
0 0.990000 -0.610001 1.430000 0.435547 0.931641 14
0 0.950000 -0.430000 -0.010000 0.376953 0.931641 14
0 0.840000 0.170000 0.140000 0.376953 0.876953 14
0 1.190001 -0.330000 1.500000 0.435547 0.876953 14
0 -0.000078 -1.409920 2.130225 0.494141 0.931641 2
0 -0.000431 -1.280203 2.270188 0.494141 0.931641 2
0 0.289728 -1.260113 2.020108 0.494141 0.876953 2
0 0.960000 -0.260000 1.320000 0.435547 0.876953 14
0 0.290177 -1.129922 2.159905 0.494141 0.876953 2
0 1.190001 -0.330000 1.500000 0.376953 0.876953 14
35
0.698910 0.715210 -0.000361
0.703084 0.639187 -0.311629
-0.369351 0.799119 -0.474329
-0.093788 0.174574 0.980167
-0.298441 0.181961 0.936922
-0.172622 0.095779 0.980320
-0.094107 -0.985592 0.140540
-0.154820 -0.512566 -0.844575
-0.627271 -0.773717 0.088840
-0.248678 0.902887 -0.350648
0.546696 0.190693 -0.815328
0.985515 -0.117423 -0.122364
0.691555 -0.082187 0.717633
0.671068 -0.741334 -0.009561
-0.617511 -0.781123 0.092346
-0.152943 -0.987920 -0.024954
-0.016640 -0.176601 -0.984142
-0.024778 -0.090138 -0.995621
0.040935 -0.134836 -0.990022
-0.809017 -0.087907 0.581175
-0.989693 -0.140183 0.029274
-0.224295 0.659186 -0.717750
-0.922122 -0.176820 -0.344130
-0.984929 -0.088992 -0.148308
0.000000 -0.076942 -0.997036
0.037896 0.998926 0.026642
-0.806722 0.531513 0.258252
0.723493 -0.664659 -0.186509
-0.827876 0.524328 0.199252
-0.623371 0.395886 -0.674301
-0.648974 0.759510 -0.044466
0.631824 -0.681693 -0.368909
0.720639 -0.666828 -0.189788
0.855597 -0.358552 0.373356
0.111486 -0.869770 -0.480699
38
0 0 1 2 0 1 2 1
0 3 4 5 3 4 5 1
0 6 7 8 6 7 8 1
0 9 10 7 9 10 7 1
0 11 12 13 11 12 13 1
0 8 14 15 8 14 15 1
0 13 12 6 13 12 6 1
0 6 12 9 6 12 9 1
0 9 2 1 9 2 1 1
0 16 17 18 16 17 18 1
0 9 19 20 9 19 20 1
0 2 21 0 2 21 0 1
0 13 15 11 13 15 11 1
0 5 18 3 5 18 3 1
0 15 13 8 15 13 8 1
0 8 13 6 8 13 6 1
0 1 10 9 1 10 9 1
0 22 21 2 22 21 2 1
0 18 5 16 18 5 16 1
0 22 2 20 22 2 20 1
0 2 9 20 2 9 20 1
0 20 19 23 20 19 23 1
0 23 22 20 23 22 20 1
0 7 6 9 7 6 9 1
0 9 12 19 9 12 19 1
0 18 17 24 18 17 24 1
0 25 26 27 25 26 27 1
0 25 28 26 25 28 26 1
0 25 29 30 25 29 30 1
0 31 29 32 31 29 32 1
0 27 26 28 27 26 28 1
0 27 32 25 27 32 25 1
0 28 30 33 28 30 33 1
0 34 32 27 34 32 27 1
0 30 28 25 30 28 25 1
0 33 31 32 33 31 32 1
0 32 34 33 32 34 33 1
0 32 29 25 32 29 25 1
"L lower leg" 0 0
26
0 0.790000 -2.980000 -1.040000 0.376953 0.505859 13
0 0.860001 -4.230000 -1.610000 0.376953 0.623047 13
0 1.309999 -3.610001 0.220000 0.435547 0.505859 13
0 -1.080000 -0.670000 1.250000 0.341797 0.642578 13
0 1.150000 -0.670000 1.250000 0.287109 0.642578 13
0 -0.940001 -4.059999 1.580000 0.345703 0.744141 13
0 -1.080000 -0.670000 1.250000 0.373047 0.642578 13
0 -0.940001 -4.059999 1.580000 0.373047 0.744141 13
0 -1.300000 -3.610001 0.220000 0.349609 0.744141 13
0 -0.780000 -2.980000 -1.040000 0.376953 0.505859 13
0 1.150000 -0.670000 1.250000 0.255859 0.642578 13
0 1.099651 -4.089811 1.190046 0.255859 0.626953 14
0 1.099651 -4.089811 -0.989058 0.302734 0.626953 14
0 1.099651 -4.089811 1.190046 0.287109 0.626953 14
0 -1.080000 -0.670000 -0.940000 0.326172 0.642578 13
0 -1.030349 -4.089811 -0.989058 0.326172 0.626953 14
0 1.150000 -0.670000 -0.940000 0.302734 0.642578 13
0 0.790000 -2.980000 -1.040000 0.302734 0.744141 13
0 -1.300000 -3.610001 0.220000 0.435547 0.505859 13
0 -0.850000 -4.230000 -1.610000 0.376953 0.623047 13
0 1.309999 -3.610001 0.220000 0.279297 0.744141 13
0 0.950000 -4.059999 1.580000 0.255859 0.744141 13
0 -0.780000 -2.980000 -1.040000 0.326172 0.744141 13
0 -1.030349 -4.089811 1.190046 0.373047 0.626953 14
0 0.950000 -4.059999 1.580000 0.283203 0.744141 13
0 -1.030349 -4.089811 1.190046 0.341797 0.626953 14
24
-0.571717 -0.366695 0.733944
-0.371224 -0.402382 0.836828
-0.937540 -0.186432 0.293704
0.000000 -0.130248 0.991481
0.000000 -0.208586 -0.978004
0.000000 -0.096887 -0.995295
-0.129427 -0.328419 -0.935623
0.967848 0.015531 -0.251055
0.998143 0.013837 0.059330
0.371224 -0.402382 0.836828
0.128313 -0.199926 -0.971373
0.999892 -0.014721 0.000000
0.894406 -0.006753 -0.447205
0.000000 -0.017529 0.999846
0.534532 -0.037151 0.844331
-0.707106 -0.000123 -0.707108
-0.842100 0.035088 -0.538178
-0.345799 0.013275 0.938215
0.937540 -0.186432 0.293705
0.571717 -0.366695 0.733945
-0.997331 0.034767 0.064210
-0.968838 0.033265 -0.245450
0.535523 0.033017 0.843875
-0.999895 -0.014517 0.000000
22
0 0 1 2 0 1 2 1
0 3 4 5 3 4 5 1
0 6 7 8 6 7 8 1
0 0 9 1 0 9 1 1
0 10 11 12 10 11 12 1
0 4 3 13 4 3 13 1
0 6 14 15 6 14 15 1
0 14 16 15 14 16 15 1
0 16 14 17 16 14 17 1
0 18 19 9 18 19 9 1
0 20 21 10 20 21 10 1
0 16 17 20 16 17 20 1
0 8 22 14 8 22 14 1
0 8 14 6 8 14 6 1
0 10 16 20 10 16 20 1
0 15 23 6 15 23 6 1
0 12 16 10 12 16 10 1
0 5 4 24 5 4 5 1
0 1 9 19 1 9 19 1
0 13 3 25 13 3 13 1
0 15 16 12 15 16 12 1
0 17 14 22 17 14 22 1
"L foot" 0 0
36
0 1.309141 -3.609619 0.220000 0.435547 0.505859 13
0 0.859674 -4.230007 -1.610000 0.376953 0.623047 13
0 1.220000 -0.830000 -0.270000 0.435547 0.623047 11
0 0.780000 -1.340000 1.050000 0.494141 0.623047 11
0 -0.770000 -1.340000 1.050000 0.494141 0.623047 11
0 0.950108 -4.059486 1.580000 0.494141 0.505859 13
0 -0.880000 -0.809999 -0.040000 0.458984 0.697266 11
0 -0.770000 -1.340000 -0.180000 0.451172 0.744141 11
0 0.889999 -0.809999 -0.040000 0.458984 0.697266 11
0 -0.700000 -0.510000 -2.450000 0.376953 0.697266 11
0 0.710000 -0.510000 -2.450000 0.376953 0.697266 11
0 -0.550000 -0.049999 -1.980000 0.380859 0.654297 11
0 0.480000 -1.350000 -2.130000 0.388672 0.744141 11
0 -0.770000 -1.350000 -0.780000 0.427734 0.744141 11
0 0.780000 -1.350000 -0.780000 0.427734 0.744141 11
0 -0.470000 -1.350000 -2.130000 0.388672 0.744141 11
0 0.859674 -4.230007 -1.610000 0.408203 0.626953 13
0 -0.850328 -4.230007 -1.610000 0.408203 0.626953 13
0 0.550000 -0.049999 -1.980000 0.380859 0.654297 11
0 -0.950000 -1.000000 -0.780000 0.427734 0.697266 11
0 0.960000 -1.000000 -0.780000 0.427734 0.697266 11
0 -1.300859 -3.609619 0.220000 0.435547 0.505859 13
0 -0.939894 -4.059486 1.580000 0.494141 0.505859 13
0 -1.210000 -0.830000 -0.270000 0.435547 0.623047 11
0 -0.850328 -4.230007 -1.610000 0.376953 0.623047 13
0 -1.210000 -0.830000 -0.270000 0.435547 0.595703 11
0 -0.770000 -1.340000 1.050000 0.478516 0.623047 11
0 -0.880000 -0.809999 -0.040000 0.427734 0.580078 11
0 1.220000 -0.830000 -0.270000 0.435547 0.595703 11
0 0.859674 -4.230007 -1.610000 0.373047 0.541016 13
0 0.889999 -0.809999 -0.040000 0.431641 0.583984 11
0 -0.770000 -1.340000 1.050000 0.494141 0.744141 11
0 0.780000 -1.340000 -0.180000 0.451172 0.744141 11
0 0.780000 -1.340000 1.050000 0.494141 0.744141 11
0 0.780000 -1.340000 1.050000 0.478516 0.623047 11
0 -0.850328 -4.230007 -1.610000 0.373047 0.541016 13
34
0.988026 0.067984 0.138503
0.971889 -0.010297 -0.235215
0.997411 0.042244 0.058188
0.749230 0.158319 0.643109
-0.576956 0.180784 0.796517
0.380896 0.199768 0.902779
0.398482 0.906492 -0.139590
0.430320 0.304319 0.849832
-0.487227 0.504900 0.712520
0.342311 0.097477 0.934516
-0.355699 -0.328420 0.874996
0.514743 -0.851986 0.095702
-0.464864 0.651733 0.599288
0.532963 0.826497 -0.181255
-0.350209 0.906072 -0.237461
0.461556 0.813797 0.353129
0.617478 -0.141712 -0.773717
-0.406167 -0.127546 -0.904854
-0.469127 -0.477371 -0.742992
0.489136 0.860622 0.141688
-0.489273 0.860539 0.141722
-0.987954 0.068422 0.138802
-0.587424 0.190009 0.786657
-0.997402 0.042816 0.057937
-0.971727 -0.009822 -0.235901
0.131404 0.953441 -0.271448
-0.355021 0.826150 0.437535
-0.131377 0.953455 -0.271412
-0.518533 0.360526 -0.775335
0.406113 0.913823 0.000000
-0.410565 0.816750 0.405409
-0.631184 0.775633 0.000000
0.355019 0.826151 0.437534
0.518557 0.360438 -0.775360
40
0 0 1 2 0 1 2 1
0 3 4 5 3 4 5 1
0 6 7 8 6 7 8 1
0 9 10 11 9 10 11 1
0 10 9 12 10 9 12 1
0 13 14 15 13 14 15 1
0 16 17 18 16 17 18 1
0 9 11 17 9 11 17 1
0 19 13 15 19 13 15 1
0 10 20 16 10 20 16 1
0 12 14 20 12 14 20 1
0 21 22 4 21 22 4 1
0 23 24 21 23 24 21 1
0 3 5 0 3 5 0 1
0 25 26 27 25 26 25 1
0 28 29 30 27 28 27 1
0 17 19 9 17 19 9 1
0 16 18 10 16 18 10 1
0 0 2 3 0 2 3 1
0 4 23 21 4 23 21 1
0 8 20 14 8 20 14 1
0 7 31 32 7 29 30 1
0 6 31 7 6 29 7 1
0 32 33 8 30 31 8 1
0 30 34 28 27 32 27 1
0 27 35 25 25 33 25 1
0 19 17 6 19 17 6 1
0 8 16 20 8 16 20 1
0 13 19 6 13 19 6 1
0 8 14 6 8 14 6 1
0 20 10 12 20 10 12 1
0 15 9 19 15 9 19 1
0 5 4 22 5 4 22 1
0 8 7 32 8 7 30 1
0 11 10 18 11 10 18 1
0 12 9 15 12 9 15 1
0 15 14 12 15 14 12 1
0 18 17 11 18 17 11 1
0 32 31 33 30 29 31 1
0 6 14 13 6 14 13 1
"Torso" 0 0
57
0 -0.970000 0.428810 0.630000 0.642578 0.244141 2
0 -1.150000 0.238810 0.070000 0.634766 0.244141 2
0 -0.850000 1.100000 -0.070000 0.646484 0.189453 0
0 0.660000 1.180000 0.390000 0.716797 0.185547 0
0 0.980000 0.428810 0.630000 0.728516 0.244141 2
0 0.000000 1.180000 0.530000 0.685547 0.185547 0
0 -1.380000 3.130000 0.280000 0.626953 0.005859 0
0 -1.180000 3.240000 0.340000 0.634766 0.005859 0
0 -1.130000 2.430000 0.420000 0.630859 0.060547 0
0 0.860000 1.100000 -0.070000 0.494141 0.189453 0
0 0.570000 0.960000 -0.590000 0.447266 0.197266 0
0 0.750000 0.018810 -0.650000 0.447266 0.244141 2
0 1.160000 3.090000 -0.400000 0.474609 0.013672 0
0 0.350000 3.310000 -0.340000 0.404297 0.005859 0
0 0.680000 2.160000 -0.840000 0.423828 0.083984 0
0 0.000000 0.960000 -0.690000 0.376953 0.193359 0
0 -0.740000 0.018810 -0.650000 0.326172 0.244141 2
0 -1.150000 3.090000 -0.400000 0.275391 0.013672 0
0 -0.910000 3.330000 -0.160000 0.294922 0.005859 0
0 -1.380000 3.130000 0.280000 0.255859 0.005859 0
0 1.390000 3.130000 0.280000 0.494141 0.005859 0
0 0.920000 3.330000 -0.160000 0.455078 0.005859 0
0 0.860000 1.100000 -0.070000 0.724609 0.189453 0
0 1.160000 0.238810 0.070000 0.736328 0.244141 2
0 -0.850000 1.100000 -0.070000 0.255859 0.189453 0
0 -1.150000 0.238810 0.070000 0.255859 0.244141 2
0 -0.950000 2.340000 -0.480000 0.279297 0.076172 0
0 -0.670000 2.160000 -0.840000 0.326172 0.083984 0
0 0.000000 0.458810 0.780000 0.685547 0.244141 2
0 -0.650000 1.180000 0.390000 0.654297 0.185547 0
0 1.280000 2.560000 1.510000 0.720703 0.544922 0
0 -1.270000 2.560000 1.510000 0.650391 0.544922 0
0 1.050000 3.450000 1.420000 0.720703 0.505859 0
0 0.000000 1.830000 1.180000 0.685547 0.599609 0
0 -0.810000 1.770000 0.470000 0.626953 0.599609 0
0 0.820000 1.770000 0.470000 0.724609 0.146484 0
0 1.140000 2.430000 0.420000 0.740234 0.060547 0
0 -0.810000 1.770000 0.470000 0.646484 0.146484 0
0 0.820000 1.770000 0.470000 0.744141 0.599609 0
0 0.000000 1.180000 0.530000 0.685547 0.623047 0
0 1.190000 3.240000 0.340000 0.736328 0.005859 0
0 1.390000 3.130000 0.280000 0.744141 0.005859 0
0 1.190000 3.240000 0.340000 0.744141 0.505859 0
0 1.140000 2.430000 0.420000 0.744141 0.544922 0
0 -1.130000 2.430000 0.420000 0.626953 0.544922 0
0 1.190000 3.240000 0.340000 0.478516 0.005859 0
0 -0.340000 3.310000 -0.340000 0.345703 0.005859 0
0 -0.560000 0.960000 -0.590000 0.326172 0.193359 0
0 0.960000 2.340000 -0.480000 0.470703 0.076172 0
0 -1.180000 3.240000 0.340000 0.271484 0.005859 0
0 -1.180000 3.240000 0.340000 0.626953 0.505859 0
0 -1.040000 3.450000 1.420000 0.650391 0.505859 0
0 -1.030000 2.140000 -0.040000 0.255859 0.087891 0
0 1.040000 2.140000 -0.040000 0.494141 0.087891 0
0 -1.030000 2.140000 -0.040000 0.634766 0.087891 0
0 1.040000 2.140000 -0.040000 0.736328 0.087891 0
0 1.160000 0.238810 0.070000 0.494141 0.244141 2
55
0.727647 -0.440352 -0.525946
0.920089 -0.349328 -0.177221
0.960568 0.001046 -0.278043
-0.627452 -0.104078 -0.771668
-0.608621 -0.431842 -0.665652
-0.030206 -0.136163 -0.990226
0.323310 -0.073223 -0.943456
0.832212 0.175318 -0.526010
-0.896526 -0.005504 0.442957
-0.639634 0.073410 0.765166
-0.513257 -0.125140 0.849063
-0.473925 -0.544631 0.691933
-0.071668 -0.543035 0.836646
-0.302436 -0.085133 0.949360
0.000999 0.069111 0.997608
0.513931 -0.125250 0.848638
0.473925 -0.544631 0.691933
0.410998 -0.851933 0.324485
0.511737 -0.843495 0.163222
-0.511737 -0.843495 0.163222
-0.410998 -0.851933 0.324485
-0.960568 0.001046 -0.278043
-0.920089 -0.349328 -0.177221
0.896526 -0.005504 0.442957
0.823669 -0.200711 0.530362
0.875348 0.181305 0.448213
0.354357 -0.023187 0.934823
0.067524 -0.338920 -0.938389
0.534231 -0.154857 -0.831033
-0.769127 0.332629 -0.545711
0.674213 0.270026 -0.687403
-0.414598 -0.196984 -0.888429
0.001667 0.728832 -0.684691
0.632411 0.680347 -0.370384
-0.671726 0.298066 -0.678189
-0.832212 0.175318 -0.526010
0.672391 0.298138 -0.677499
-0.630142 0.681633 -0.371884
0.002625 0.707104 -0.707104
-0.323310 -0.073223 -0.943456
-0.995362 -0.093619 0.022155
-0.960953 0.260858 0.092314
0.960953 0.260858 0.092314
-0.459379 -0.883772 0.088986
0.053525 -0.507738 0.859847
0.640535 0.073279 0.764425
-0.875348 0.181305 0.448213
0.459378 -0.883772 0.088985
0.995362 -0.093620 0.022155
0.649526 -0.240786 -0.721206
0.956269 0.158416 0.245874
-0.956269 0.158416 0.245874
0.980097 0.166514 0.108088
-0.980097 0.166514 0.108088
-0.823669 -0.200711 0.530362
59
0 0 1 2 0 1 2 1
0 3 4 5 3 4 5 1
0 6 7 8 6 6 7 1
0 9 10 11 8 9 10 1
0 12 13 14 11 12 13 1
0 15 16 11 14 15 10 1
0 17 18 19 16 17 18 1
0 20 21 12 19 20 11 1
0 22 23 4 21 22 4 1
0 24 25 16 23 24 15 1
0 17 26 27 16 25 26 1
0 5 28 29 5 27 28 1
0 30 31 32 29 30 31 1
0 31 33 34 30 32 33 1
0 22 35 36 21 34 35 1
0 14 27 15 13 26 14 1
0 37 29 2 36 28 2 1
0 33 38 39 32 37 38 1
0 36 40 41 35 39 39 1
0 42 43 30 40 41 29 1
0 30 43 38 29 41 37 1
0 34 44 31 33 42 30 1
0 5 29 37 5 28 36 1
0 35 3 5 34 3 5 1
0 45 21 20 43 20 19 1
0 12 21 13 11 20 12 1
0 46 18 17 44 17 16 1
0 47 27 26 45 26 25 1
0 48 14 10 46 13 9 1
0 11 10 15 10 9 14 1
0 15 47 16 14 45 15 1
0 19 18 49 18 17 47 1
0 50 51 31 48 49 30 1
0 22 3 35 21 3 34 1
0 26 52 24 25 50 23 1
0 8 37 2 7 36 2 1
0 4 3 22 4 3 21 1
0 2 29 0 2 28 0 1
0 31 44 50 30 42 48 1
0 30 32 42 29 31 40 1
0 13 46 14 12 44 13 1
0 15 10 14 14 9 13 1
0 27 47 15 26 45 14 1
0 9 53 48 8 51 46 1
0 26 24 47 25 23 45 1
0 10 9 48 9 8 46 1
0 39 34 33 38 33 32 1
0 2 54 8 2 52 7 1
0 36 55 22 35 53 21 1
0 38 33 30 37 32 29 1
0 31 30 33 30 29 32 1
0 14 48 12 13 46 11 1
0 27 46 17 26 44 16 1
0 16 47 24 15 45 23 1
0 11 56 9 10 54 8 1
0 5 4 28 5 4 27 1
0 29 28 0 28 27 0 1
0 32 31 51 31 30 49 1
0 14 46 27 13 44 26 1
"R upper arm" 0 0
15
0 -1.379396 3.129971 0.279973 0.611328 0.005859 0
0 -0.120000 -0.230000 0.360000 0.607422 0.044922 8
0 -0.120000 -0.230000 -0.370000 0.607422 0.044922 8
0 -0.070000 -0.790000 0.360000 0.603516 0.083984 8
0 -0.260000 -3.080000 0.360000 0.623047 0.244141 8
0 -0.070000 -0.790000 -0.370000 0.603516 0.083984 8
0 0.600000 -0.010000 0.360000 0.521484 0.029297 8
0 -1.028975 2.140093 -0.039981 0.505859 0.005859 0
0 -0.949319 2.339987 -0.479880 0.525391 0.005859 0
0 0.600000 -0.010000 -0.370000 0.521484 0.029297 8
0 0.440001 -3.080000 -0.340000 0.537109 0.244141 8
0 0.440001 -3.080000 0.360000 0.537109 0.244141 8
0 -1.149515 3.089959 -0.400046 0.607422 0.005859 0
0 -0.260000 -3.080000 -0.340000 0.623047 0.244141 8
0 -1.129733 2.429955 0.420053 0.537109 0.005859 0
15
0.926627 0.374496 0.033395
0.688380 0.148595 -0.709966
0.902475 0.215534 0.372939
0.705587 0.022471 -0.708267
0.891364 -0.073956 -0.447214
0.704360 -0.012525 0.709732
-0.691424 -0.267377 -0.671150
-0.810312 -0.582323 -0.065529
0.328242 -0.553176 0.765672
-0.788257 -0.213955 0.576953
-0.450831 0.033697 0.891973
-0.706148 0.036802 -0.707107
0.954927 0.295909 -0.023524
0.705067 -0.049231 0.707429
-0.280403 -0.221769 0.933912
21
0 0 1 2 0 1 2 1
0 3 4 5 3 4 5 1
0 6 1 0 6 1 0 1
0 3 1 6 3 1 6 1
0 7 8 9 7 8 9 1
0 10 11 9 10 11 9 1
0 8 12 2 8 12 2 1
0 5 13 10 5 13 10 1
0 6 14 7 6 14 7 1
0 7 9 6 7 9 6 1
0 9 8 2 9 8 2 1
0 11 4 3 11 4 3 1
0 5 2 3 5 2 3 1
0 10 9 5 10 9 5 1
0 3 6 11 3 6 11 1
0 0 14 6 0 14 6 1
0 2 12 0 2 12 0 1
0 2 5 9 2 5 9 1
0 5 4 13 5 4 13 1
0 9 11 6 9 11 6 1
0 3 2 1 3 2 1 1
"R lower arm" 0 0
15
0 -0.350000 -0.430000 -0.360000 0.626953 0.650391 3
0 -0.259005 -3.079857 -0.339985 0.626953 0.626953 8
0 -0.350000 -0.430000 0.350000 0.685547 0.650391 3
0 -0.259005 -3.079857 0.360232 0.685547 0.626953 8
0 0.360001 -0.430000 0.350000 0.697266 0.650391 3
0 0.440369 -3.079857 0.360232 0.697266 0.626953 8
0 0.360001 -0.430000 -0.360000 0.720703 0.650391 3
0 0.440369 -3.079857 -0.339985 0.720703 0.626953 8
0 -0.350000 -0.430000 -0.360000 0.744141 0.650391 3
0 -0.309999 -2.070000 -0.260000 0.626953 0.744141 3
0 -0.309999 -2.070000 0.410000 0.685547 0.744141 3
0 0.309999 -2.070000 -0.260000 0.720703 0.744141 3
0 -0.309999 -2.070000 -0.260000 0.744141 0.744141 3
0 0.309999 -2.070000 0.410000 0.697266 0.744141 3
0 -0.259005 -3.079857 -0.339985 0.744141 0.626953 8
15
0.999896 0.014446 0.000000
-0.999411 -0.034319 0.000000
-0.704993 -0.080098 -0.704676
-0.446974 -0.011895 0.894468
-0.706022 0.044095 0.706815
0.893974 0.028840 0.447189
0.700873 0.143939 0.698612
0.447049 0.006802 -0.894484
0.000000 0.045627 -0.998959
0.698433 0.715676 0.000000
0.664799 0.669055 -0.332276
-0.648766 0.688600 0.323932
0.000000 0.060863 0.998146
-0.411145 0.393794 -0.822123
0.000000 -0.007553 -0.999971
18
0 0 1 2 0 1 2 1
0 2 3 4 2 3 4 1
0 4 5 6 4 5 6 1
0 6 7 8 6 7 8 1
0 9 10 11 9 10 11 1
0 8 12 6 8 12 6 1
0 6 11 4 6 11 4 1
0 4 13 2 4 13 2 1
0 2 10 0 2 10 0 1
0 2 1 3 2 1 3 1
0 4 3 5 4 3 5 1
0 6 5 7 6 5 7 1
0 8 7 14 8 7 14 1
0 11 10 13 11 10 13 1
0 6 12 11 6 12 11 1
0 4 11 13 4 11 13 1
0 2 13 10 2 13 10 1
0 0 10 9 0 10 9 1
"L upper arm" 0 0
15
0 0.130000 -0.230000 -0.370000 0.607422 0.044922 15
0 0.130000 -0.230000 0.360000 0.607422 0.044922 15
0 1.159337 3.089895 -0.399980 0.607422 0.005859 0
0 0.080000 -0.790000 -0.370000 0.603516 0.083984 15
0 0.270000 -3.080000 -0.340000 0.623047 0.244141 15
0 0.080000 -0.790000 0.360000 0.603516 0.083984 15
0 1.389039 3.129854 0.279987 0.611328 0.005859 0
0 -0.590000 -0.010000 0.360000 0.521484 0.029297 15
0 -0.590000 -0.010000 -0.370000 0.521484 0.029297 15
0 0.959242 2.339910 -0.479914 0.525391 0.005859 0
0 1.038663 2.140171 -0.040082 0.505859 0.005859 0
0 -0.430000 -3.080000 -0.340000 0.537109 0.244141 15
0 1.139266 2.429979 0.420062 0.537109 0.005859 0
0 0.270000 -3.080000 0.360000 0.623047 0.244141 15
0 -0.430000 -3.080000 0.360000 0.537109 0.244141 15
15
-0.844089 0.208099 0.494174
-0.897440 0.185359 -0.400303
-0.948767 0.315422 -0.018697
-0.704074 0.028073 0.709572
-0.891751 -0.068127 0.447369
-0.705714 -0.018046 -0.708267
-0.904377 0.423972 0.048476
0.819119 -0.200175 -0.537563
0.676223 -0.268034 0.686207
-0.327424 -0.553452 0.765823
0.810375 -0.582257 -0.065341
0.708083 0.044962 0.704696
0.280159 -0.221547 0.934038
-0.704685 -0.058467 -0.707107
0.446607 0.023276 -0.894427
21
0 0 1 2 0 1 2 1
0 3 4 5 3 4 5 1
0 6 1 7 6 1 7 1
0 7 1 5 7 1 5 1
0 8 9 10 8 9 10 1
0 8 7 11 8 7 11 1
0 0 2 9 0 2 9 1
0 11 4 3 11 4 3 1
0 10 12 7 10 12 7 1
0 7 8 10 7 8 10 1
0 8 3 0 8 3 0 1
0 5 13 14 5 13 14 1
0 5 1 3 5 1 3 1
0 3 8 11 3 8 11 1
0 14 7 5 14 7 5 1
0 7 12 6 7 12 6 1
0 0 9 8 0 9 8 1
0 2 1 6 2 1 6 1
0 5 4 13 5 4 13 1
0 11 7 14 11 7 14 1
0 3 1 0 3 1 0 1
"L lower arm" 0 0
30
0 0.360000 -0.430000 0.350000 0.306641 0.318359 10
0 0.269667 -3.079840 0.360093 0.306641 0.373047 15
0 0.360000 -0.430000 -0.360000 0.306641 0.318359 10
0 -0.350000 -0.430000 0.350000 0.255859 0.318359 10
0 -0.430086 -3.079840 0.360093 0.255859 0.373047 15
0 -0.350000 -0.430000 -0.360000 0.255859 0.318359 10
0 -0.430086 -3.079840 -0.340135 0.255859 0.373047 15
0 0.269667 -3.079840 -0.340135 0.306641 0.373047 15
0 0.450000 -2.070000 0.010000 0.623047 0.373047 10
0 0.350000 -2.070000 0.450000 0.587891 0.373047 10
0 0.500000 -0.860001 0.000000 0.623047 0.255859 10
0 -0.390000 -0.870000 -0.450000 0.529297 0.255859 10
0 -0.330000 -2.080000 -0.390000 0.529297 0.373047 10
0 0.400000 -0.870000 -0.450000 0.587891 0.255859 10
0 -0.430000 -2.070000 0.070000 0.505859 0.373047 10
0 -0.490000 -0.860001 0.040000 0.505859 0.255859 10
0 0.400000 -0.860001 0.470000 0.587891 0.255859 10
0 -0.390000 -0.860001 0.470000 0.529297 0.255859 10
0 0.360000 -0.830000 -0.330000 0.306641 0.255859 10
0 -0.350000 -0.830000 -0.330000 0.255859 0.255859 10
0 -0.350000 -0.830000 0.370000 0.255859 0.255859 10
0 0.360000 -0.830000 0.370000 0.306641 0.255859 10
0 -0.350000 -0.830000 0.370000 0.529297 0.255859 10
0 0.360000 -0.830000 0.370000 0.587891 0.255859 10
0 0.360000 -0.830000 -0.330000 0.587891 0.255859 10
0 -0.350000 -0.830000 -0.330000 0.529297 0.255859 10
0 0.450000 -2.070000 0.010000 0.619141 0.373047 10
0 0.350000 -2.080000 -0.380000 0.587891 0.373047 10
0 -0.430000 -2.070000 0.070000 0.509766 0.373047 10
0 -0.330000 -2.070000 0.450000 0.529297 0.373047 10
30
-0.705849 -0.053889 0.706309
0.893954 -0.028771 0.447234
0.707697 0.052390 0.704571
-0.707439 -0.025242 -0.706324
-0.446989 0.016916 0.894380
0.704877 0.063414 -0.706489
-0.894100 0.023670 -0.447242
0.446908 -0.021939 -0.894311
-0.805238 0.589206 0.066542
-0.589683 0.336997 -0.733967
-0.840247 -0.540926 -0.037207
0.531353 -0.610745 0.587073
0.586583 0.368767 0.721062
-0.510691 -0.534980 0.673046
0.926979 0.365196 -0.085687
0.843410 -0.535607 0.042238
-0.508768 -0.644223 -0.571079
0.495766 -0.563182 -0.661091
-0.894427 0.033447 0.445961
0.447214 0.066894 0.891922
0.894427 -0.022333 -0.446656
-0.447214 -0.044666 -0.893311
0.216992 -0.967223 -0.131885
-0.165979 -0.971148 -0.171239
-0.238482 -0.959139 0.152243
0.183067 -0.963746 0.194115
-0.001718 0.999681 -0.025192
-0.375460 0.806173 0.457291
-0.000700 0.999725 -0.023429
0.370778 0.794189 -0.481443
42
0 0 1 2 0 1 2 1
0 3 4 0 3 4 0 1
0 5 6 3 5 6 3 1
0 2 7 5 2 7 5 1
0 8 9 10 8 9 10 1
0 11 12 13 11 12 13 1
0 14 12 15 14 12 15 1
0 16 9 17 16 9 17 1
0 18 2 19 18 2 19 1
0 19 5 20 19 5 20 1
0 20 3 21 20 3 21 1
0 21 0 18 21 0 18 1
0 22 23 17 22 23 17 1
0 24 13 10 24 13 10 1
0 22 17 15 22 17 15 1
0 24 25 13 24 25 13 1
0 26 27 28 26 27 28 1
0 10 13 8 10 13 8 1
0 10 16 23 10 16 23 1
0 23 24 10 23 24 10 1
0 15 11 25 15 11 25 1
0 15 25 22 15 25 22 1
0 15 17 14 15 17 14 1
0 14 29 8 14 29 8 1
0 2 1 7 2 1 7 1
0 0 4 1 0 4 1 1
0 3 6 4 3 6 4 1
0 5 7 6 5 7 6 1
0 10 9 16 10 9 16 1
0 13 12 27 13 12 27 1
0 15 12 11 15 12 11 1
0 17 9 29 17 9 29 1
0 19 2 5 19 2 5 1
0 20 5 3 20 5 3 1
0 21 3 0 21 3 0 1
0 18 0 2 18 0 2 1
0 17 23 16 17 23 16 1
0 13 25 11 13 25 11 1
0 28 27 12 28 27 12 1
0 8 13 27 8 13 27 1
0 14 17 29 14 17 29 1
0 8 29 9 8 29 9 1
"Neck" 0 0
17
0 -0.730000 1.549571 1.189687 0.525391 0.376953 9
0 0.740000 1.549571 1.189687 0.603516 0.376953 9
0 -1.040000 3.449383 1.420165 0.509766 0.474609 0
0 -0.410000 1.319571 -0.080312 0.541016 0.396484 9
0 -0.910000 3.329853 -0.160312 0.517578 0.494141 0
0 -0.340000 3.309853 -0.340312 0.544922 0.494141 0
0 0.920000 3.329853 -0.160312 0.611328 0.494141 0
0 1.190000 3.239594 0.340034 0.623047 0.494141 0
0 0.420000 1.319571 -0.080312 0.587891 0.396484 9
0 -1.180000 3.239594 0.340034 0.505859 0.494141 0
0 0.350000 3.309853 -0.340312 0.583984 0.494141 0
0 1.050000 3.449383 1.420165 0.619141 0.474609 0
0 0.350000 3.309853 -0.340312 0.494141 0.373047 0
0 0.420000 1.319571 -0.080312 0.494141 0.255859 9
0 0.000000 1.289571 -0.350312 0.435547 0.255859 9
0 -0.410000 1.319571 -0.080312 0.376953 0.255859 9
0 -0.340000 3.309853 -0.340312 0.376953 0.373047 0
17
-0.789865 -0.582428 0.192069
0.598920 -0.689084 0.407992
-0.405859 -0.175048 0.897015
-0.454675 -0.843848 -0.284942
-0.741471 -0.296488 -0.601927
-0.302806 -0.112974 -0.946333
0.741471 -0.296488 -0.601927
0.925970 -0.334567 -0.175058
0.604435 -0.647023 -0.464779
-0.925970 -0.334567 -0.175058
0.302806 -0.112974 -0.946333
0.631824 -0.194134 0.750407
0.283546 -0.044381 -0.957931
0.543104 -0.089957 -0.834833
-0.003461 -0.065131 -0.997871
-0.552342 -0.088853 -0.828869
-0.288839 -0.043876 -0.956372
15
0 0 1 2 0 1 2 1
0 3 4 5 3 4 5 1
0 6 7 1 6 7 1 1
0 8 1 3 8 1 3 1
0 0 2 9 0 2 9 1
0 10 6 8 10 6 8 1
0 7 11 1 7 11 1 1
0 4 3 0 4 3 0 1
0 12 13 14 12 13 14 1
0 14 15 16 14 15 16 1
0 16 12 14 16 12 14 1
0 1 8 6 1 8 6 1
0 0 9 4 0 9 4 1
0 2 1 11 2 1 11 1
0 3 1 0 3 1 0 1
"Head" 0 0
87
0 -0.850000 0.620000 1.140000 0.587891 0.638672 1
0 -1.200000 0.720000 0.000000 0.505859 0.638672 1
0 -1.100000 1.340000 0.100000 0.505859 0.587891 1
0 -0.890000 1.320000 -0.710000 0.744141 0.349609 1
0 -0.630000 1.870000 -0.500000 0.744141 0.302734 1
0 -1.100000 1.340000 0.100000 0.626953 0.349609 1
0 -1.210000 -1.150000 0.460000 0.541016 0.744141 1
0 -0.950000 -1.100000 -0.130000 0.505859 0.744141 1
0 -0.630000 1.870000 -0.500000 0.626953 0.291016 1
0 0.000000 1.910000 -0.930000 0.744141 0.291016 1
0 0.000000 2.060000 -0.310000 0.626953 0.255859 1
0 0.000000 1.340000 1.240000 0.623047 0.587891 1
0 0.790000 1.340000 1.050000 0.587891 0.587891 1
0 0.000000 0.620000 1.360000 0.623047 0.638672 1
0 -0.880000 -1.340000 0.940000 0.587891 0.744141 1
0 -0.780000 1.340000 1.050000 0.587891 0.587891 1
0 0.860000 0.620000 1.140000 0.587891 0.638672 1
0 1.110000 1.340000 0.100000 0.505859 0.587891 1
0 0.900000 1.320000 -0.710000 0.744141 0.349609 1
0 0.600000 1.100000 -0.790000 0.744141 0.400391 1
0 0.830000 0.740000 -0.810000 0.744141 0.400391 1
0 1.220000 -1.150000 0.460000 0.541016 0.744141 1
0 0.890000 -1.340000 0.940000 0.587891 0.744141 1
0 0.000000 1.950000 0.880000 0.623047 0.541016 1
0 -0.890000 1.320000 -0.710000 0.626953 0.388672 1
0 -0.770000 1.320000 -1.170000 0.662109 0.388672 1
0 0.640000 1.870000 -0.500000 0.744141 0.302734 1
0 1.110000 1.340000 0.100000 0.626953 0.349609 1
0 0.710000 1.940000 0.280000 0.626953 0.302734 1
0 0.510000 0.800000 -1.030000 0.591797 0.599609 1
0 0.600000 1.100000 -0.790000 0.583984 0.576172 1
0 0.900000 1.320000 -0.710000 0.564453 0.560547 1
0 0.000000 2.110000 0.390000 0.623047 0.505859 1
0 0.710000 1.940000 0.280000 0.587891 0.541016 1
0 0.000000 0.460000 -1.390000 0.744141 0.494141 1
0 0.000000 1.320000 -1.540000 0.744141 0.388672 1
0 0.510000 0.800000 -1.030000 0.626953 0.458984 1
0 0.780000 1.320000 -1.170000 0.662109 0.388672 1
0 -1.160000 0.340000 -0.530000 0.626953 0.435547 1
0 -0.480000 -0.150000 -1.160000 0.744141 0.494141 1
0 -0.730000 0.260000 -0.940000 0.744141 0.447266 1
0 0.640000 1.870000 -0.500000 0.626953 0.291016 1
0 -0.700000 1.940000 0.280000 0.626953 0.302734 1
0 0.000000 2.060000 -0.310000 0.744141 0.255859 1
0 0.000000 2.110000 0.390000 0.626953 0.255859 1
0 -0.820000 0.740000 -0.810000 0.744141 0.400391 1
0 -0.590000 1.100000 -0.790000 0.744141 0.400391 1
0 0.820000 0.010000 -0.240000 0.505859 0.685547 1
0 1.210000 0.720000 0.000000 0.505859 0.638672 1
0 -0.810000 0.010000 -0.240000 0.505859 0.685547 1
0 1.130000 0.920000 -0.580000 0.708984 0.388672 1
0 -0.700000 1.940000 0.280000 0.587891 0.541016 1
0 -1.130000 0.920000 -0.560000 0.708984 0.388672 1
0 1.170000 0.340000 -0.530000 0.626953 0.435547 1
0 0.490000 -0.150000 -1.160000 0.744141 0.494141 1
0 0.800000 -0.140000 -0.560000 0.626953 0.470703 1
0 -0.790000 -0.140000 -0.560000 0.626953 0.470703 1
0 0.740000 0.260000 -0.940000 0.744141 0.447266 1
0 -0.500000 0.800000 -1.030000 0.591797 0.599609 1
0 -0.590000 1.100000 -0.790000 0.583984 0.576172 1
0 0.000000 0.920000 -1.050000 0.623047 0.591797 1
0 -0.500000 0.800000 -1.030000 0.626953 0.458984 1
0 0.900000 1.320000 -0.710000 0.626953 0.388672 1
0 -0.730000 0.260000 -0.940000 0.576172 0.638672 1
0 -0.810000 0.010000 -0.240000 0.568359 0.654297 1
0 -0.850000 1.090000 -0.020000 0.568359 0.576172 1
0 -0.790000 -0.140000 -0.560000 0.572266 0.669922 1
0 0.800000 -0.140000 -0.560000 0.572266 0.669922 1
0 0.490000 -0.150000 -1.160000 0.591797 0.669922 1
0 0.740000 0.260000 -0.940000 0.576172 0.638672 1
0 0.830000 0.740000 -0.810000 0.568359 0.603516 1
0 0.860000 1.090000 -0.020000 0.568359 0.576172 1
0 0.000000 0.460000 -1.390000 0.623047 0.623047 1
0 -0.890000 1.320000 -0.710000 0.564453 0.560547 1
0 0.960000 -1.100000 -0.130000 0.505859 0.744141 1
0 -0.460000 -0.260000 0.030000 0.505859 0.685547 1
0 0.470000 -0.260000 0.030000 0.505859 0.685547 1
0 0.820000 0.010000 -0.240000 0.626953 0.447266 1
0 -0.810000 0.010000 -0.240000 0.626953 0.447266 1
0 -0.480000 -0.150000 -1.160000 0.591797 0.669922 1
0 0.820000 0.010000 -0.240000 0.568359 0.654297 1
0 -0.820000 0.740000 -0.810000 0.568359 0.603516 1
0 0.000000 -1.340000 1.070000 0.623047 0.744141 1
0 0.470000 -0.260000 0.030000 0.541016 0.677734 1
0 0.000000 -0.290000 0.380000 0.623047 0.677734 1
0 -0.460000 -0.260000 0.030000 0.599609 0.677734 1
0 0.000000 -0.290000 0.380000 0.623047 0.685547 1
87
0.709035 -0.076997 -0.700957
0.911123 -0.067233 0.406613
0.956630 -0.290775 0.017562
0.700973 -0.322337 0.636188
0.676730 -0.717598 0.164591
0.960731 -0.277469 0.002722
0.734410 0.678286 -0.023884
-0.081349 0.419998 0.903872
0.524310 -0.776933 0.348531
0.002134 -0.858927 0.512094
0.001656 -0.971957 0.235151
0.052797 -0.303801 -0.951272
-0.548435 -0.402661 -0.732859
-0.033176 0.002353 -0.999447
0.331973 0.765116 -0.551717
0.603929 -0.445566 -0.660863
-0.773709 -0.059346 -0.630756
-0.956630 -0.290775 0.017562
-0.696028 -0.321979 0.641774
-0.150329 -0.150329 0.977140
-0.440023 -0.115269 0.890557
-0.734471 0.678235 -0.023439
-0.331199 0.765372 -0.551827
0.002002 -0.789907 -0.613223
0.967598 0.006299 0.252417
0.750931 -0.161174 0.640411
-0.675866 -0.718407 0.164611
-0.960305 -0.278826 0.008408
-0.452613 -0.885294 0.106755
0.016729 0.622051 -0.782798
0.265215 0.681953 -0.681616
-0.288628 0.649413 -0.703531
0.001828 -0.950604 -0.310401
-0.545091 -0.743810 -0.386811
0.003713 0.424174 0.905573
0.002490 -0.321505 0.946905
-0.779112 0.504662 0.371887
-0.747428 -0.161879 0.644319
0.934981 0.291491 0.202096
0.756569 0.308921 0.576342
0.658831 -0.023343 0.751929
-0.521776 -0.778173 0.349566
0.454712 -0.884216 0.106763
0.001715 -0.995760 0.091973
0.001546 -0.997458 0.071247
0.458573 -0.110372 0.881776
0.150329 -0.150329 0.977140
-0.095141 -0.010476 0.995409
-0.911123 -0.067233 0.406613
0.095141 -0.010476 0.995409
-0.809168 -0.145550 0.569265
0.547684 -0.742419 -0.385819
0.818646 -0.143272 0.556140
-0.934234 0.290722 0.206610
-0.756569 0.308921 0.576342
-0.792068 0.605922 0.074074
0.792068 0.605922 0.074074
-0.651330 -0.022314 0.758466
-0.018933 0.621834 -0.782920
-0.266412 0.681537 -0.681566
-0.001631 0.593488 -0.804841
0.781853 0.504562 0.366229
-0.967598 0.006299 0.252417
-0.981905 -0.111544 -0.153035
-0.994188 0.024812 -0.104760
-0.986471 0.113510 -0.118277
-0.955105 -0.115800 -0.272701
0.955105 -0.115800 -0.272701
0.853184 -0.286261 -0.436041
0.981905 -0.111544 -0.153035
0.976277 0.181796 -0.117616
0.986471 0.113510 -0.118277
-0.001664 0.594390 -0.804175
0.288628 0.649413 -0.703531
0.077762 0.418265 0.904990
-0.529052 0.149506 0.835315
0.529052 0.149506 0.835315
-0.782130 0.468470 -0.410864
0.782130 0.468470 -0.410864
-0.853184 -0.286261 -0.436041
0.994188 0.024812 -0.104760
-0.976277 0.181796 -0.117616
0.000166 0.977327 -0.211733
0.579081 0.186632 0.793620
-0.003037 0.816261 0.577675
-0.586280 0.192091 0.787005
-0.000683 0.549178 0.835705
98
0 0 1 2 0 1 2 1
0 3 4 5 3 4 5 1
0 1 6 7 1 6 7 1
0 8 9 10 8 9 10 1
0 11 12 13 11 12 13 1
0 14 0 13 14 0 13 1
0 15 11 0 15 11 0 1
0 16 12 17 16 12 17 1
0 18 19 20 18 19 20 1
0 21 22 16 21 22 16 1
0 23 11 15 23 11 15 1
0 8 24 25 8 24 25 1
0 26 27 28 26 27 28 1
0 29 30 31 29 30 31 1
0 23 32 33 23 32 33 1
0 34 35 25 34 35 25 1
0 34 36 37 34 36 37 1
0 38 39 40 38 39 40 1
0 10 9 41 10 9 41 1
0 42 5 4 42 5 4 1
0 43 44 42 43 44 42 1
0 28 44 43 28 44 43 1
0 45 46 3 45 46 3 1
0 27 26 18 27 26 18 1
0 47 48 17 47 48 17 1
0 2 1 49 2 1 49 1
0 2 15 0 2 15 0 1
0 27 18 50 27 18 50 1
0 12 11 23 12 11 23 1
0 33 17 12 33 17 12 1
0 12 23 33 12 23 33 1
0 51 32 23 51 32 23 1
0 15 2 51 15 2 51 1
0 51 23 15 51 23 15 1
0 43 26 28 43 26 28 1
0 42 4 43 42 4 43 1
0 52 3 5 52 3 5 1
0 53 54 55 53 54 55 1
0 56 39 38 56 39 38 1
0 57 54 53 57 54 53 1
0 53 50 57 53 50 57 1
0 40 52 38 40 52 38 1
0 58 59 60 58 59 60 1
0 61 25 24 61 25 24 1
0 37 62 41 37 62 41 1
0 60 30 29 60 30 29 1
0 37 41 9 37 41 9 1
0 25 35 9 25 35 9 1
0 63 64 65 63 64 65 1
0 66 64 63 66 64 63 1
0 67 68 69 67 68 69 1
0 70 30 71 70 30 71 1
0 29 72 60 29 72 60 1
0 60 72 58 60 72 58 1
0 73 59 58 73 59 58 1
0 62 37 36 62 37 36 1
0 9 35 37 9 35 37 1
0 9 8 25 9 8 25 1
0 74 21 48 74 21 48 1
0 0 14 6 0 14 6 1
0 75 49 7 75 49 7 1
0 74 47 76 74 47 76 1
0 55 77 53 55 77 53 1
0 38 78 56 38 78 56 1
0 63 79 66 63 79 66 1
0 69 80 67 69 80 67 1
0 71 80 69 71 80 69 1
0 65 59 81 65 59 81 1
0 38 52 5 38 52 5 1
0 27 50 53 27 50 53 1
0 53 77 27 53 77 27 1
0 5 78 38 5 78 38 1
0 25 61 34 25 61 34 1
0 37 35 34 37 35 34 1
0 7 49 1 7 49 1 1
0 48 47 74 48 47 74 1
0 16 48 21 16 48 21 1
0 6 1 0 6 1 0 1
0 17 48 16 17 48 16 1
0 20 57 50 20 57 50 1
0 45 3 52 45 3 52 1
0 81 63 65 81 63 65 1
0 71 69 70 71 69 70 1
0 52 40 45 52 40 45 1
0 50 18 20 50 18 20 1
0 13 16 22 13 16 22 1
0 82 14 13 82 14 13 1
0 74 83 84 74 83 84 1
0 84 85 7 84 85 7 1
0 13 22 82 13 22 82 1
0 84 7 6 84 7 6 1
0 86 82 22 86 82 22 1
0 21 74 84 21 74 84 1
0 14 82 86 14 82 86 1
0 84 6 14 84 6 14 1
0 22 21 84 22 21 84 1
0 13 12 16 13 12 16 1
0 0 11 13 0 11 13 1
"Face" 1 1
36
0 -0.810000 0.010000 -0.240000 0.039064 0.617188 1 
0 -0.670000 0.340000 -0.660000 0.117188 0.429688 1 
0 -0.730000 0.710000 -0.710000 0.085936 0.226564 1 
0 0.820000 0.010000 -0.240000 0.960936 0.617188 1 
0 0.760000 -0.020000 -0.670000 0.929688 0.648436 1 
0 0.540000 -0.340000 -0.440000 0.804688 0.820312 1 
0 -0.460000 -0.260000 0.030000 0.226564 0.976564 1 
0 -0.530000 -0.340000 -0.440000 0.195312 0.820312 1 
0 0.860000 1.090000 -0.020000 0.976564 0.023436 1 
0 0.600000 1.100000 -0.790000 0.835936 0.023436 1 
0 0.740000 0.710000 -0.710000 0.914064 0.226564 1 
0 0.430000 0.000000 -0.940000 0.742188 0.632812 1 
0 0.210000 -0.520000 -0.760000 0.617188 0.929688 1 
0 -0.200000 -0.520000 -0.760000 0.382812 0.929688 1 
0 0.000000 -0.600000 -0.700000 0.507812 0.976564 1 
0 0.000000 -0.500000 -0.870000 0.507812 0.914064 1 
0 -0.750000 -0.020000 -0.670000 0.070312 0.648436 1 
0 -0.420000 0.000000 -0.940000 0.257812 0.632812 1 
0 0.000000 -0.290000 0.380000 0.507812 0.976564 1 
0 0.470000 -0.260000 0.030000 0.773436 0.976564 1 
0 0.680000 0.340000 -0.660000 0.882812 0.429688 1 
0 0.170000 0.160000 -1.060000 0.601564 0.539064 1 
0 0.000000 0.080000 -1.150000 0.507812 0.570312 1 
0 -0.160000 0.160000 -1.060000 0.398436 0.539064 1 
0 -0.420000 0.310000 -0.870000 0.257812 0.445312 1 
0 0.000000 0.920000 -1.050000 0.507812 0.117188 1 
0 0.000000 0.740000 -1.090000 0.507812 0.210936 1 
0 0.570000 0.740000 -0.910000 0.820312 0.210936 1 
0 -0.590000 1.100000 -0.790000 0.164064 0.023436 1 
0 -0.560000 0.740000 -0.910000 0.179688 0.210936 1 
0 0.000000 0.550000 -1.070000 0.507812 0.320312 1 
0 0.430000 0.310000 -0.870000 0.742188 0.445312 1 
0 0.000000 0.420000 -1.090000 0.507812 0.382812 1 
0 0.000000 0.170000 -1.270000 0.507812 0.523436 1 
0 0.000000 0.250000 -1.270000 0.507812 0.476564 1 
0 -0.850000 1.090000 -0.020000 0.023436 0.023436 1 
36
0.950555 0.279066 0.136264
0.786696 0.023045 0.616911
0.888392 -0.000255 0.459085
-0.950555 0.279066 0.136264
-0.831348 0.315776 0.457325
-0.649822 0.759981 -0.012690
0.427781 0.877355 -0.217377
0.649822 0.759981 -0.012690
-0.961367 -0.133514 0.240723
-0.711187 -0.246051 0.658538
-0.888392 -0.000255 0.459085
-0.522087 0.111826 0.845530
-0.466268 0.805488 0.365764
0.472234 0.802649 0.364347
0.005467 0.999672 0.025009
0.005462 0.619932 0.784636
0.831348 0.315776 0.457325
0.527083 0.108466 0.842863
0.002703 0.961184 -0.275895
-0.422650 0.879362 -0.219293
-0.786696 0.023045 0.616911
-0.652316 -0.049165 0.756351
0.008596 0.407130 0.913330
0.665619 -0.050324 0.744594
0.527019 -0.040357 0.848895
0.002549 -0.254240 0.967138
0.002562 -0.057001 0.998371
-0.506724 0.021472 0.861841
0.712346 -0.245529 0.657479
0.509426 0.021860 0.860237
0.003506 0.057984 0.998311
-0.523636 -0.043201 0.850846
0.007562 -0.350197 0.936646
0.016180 0.507081 0.861747
0.016034 -0.396008 0.918107
0.961367 -0.133514 0.240723
60
1 0 1 2 0 1 2 1
1 3 4 5 3 4 5 1
1 0 6 7 0 6 7 1
1 8 9 10 8 9 10 1
1 4 11 12 4 11 12 1
1 13 14 15 13 14 15 1
1 15 14 12 15 14 12 1
1 1 16 17 1 16 17 1
1 14 18 19 14 18 19 1
1 6 18 14 6 18 14 1
1 17 13 15 17 13 15 1
1 15 12 11 15 12 11 1
1 20 4 3 20 4 3 1
1 16 7 13 16 7 13 1
1 12 5 4 12 5 4 1
1 13 17 16 13 17 16 1
1 21 22 11 21 22 11 1
1 23 24 17 23 24 17 1
1 25 26 27 25 26 27 1
1 0 16 1 0 16 1 1
1 25 28 29 25 28 29 1
1 11 4 20 11 4 20 1
1 27 26 30 27 26 30 1
1 30 26 29 30 26 29 1
1 24 29 1 24 29 1 1
1 20 27 31 20 27 31 1
1 30 32 31 30 32 31 1
1 24 32 30 24 32 30 1
1 31 27 30 31 27 30 1
1 30 29 24 30 29 24 1
1 10 20 3 10 20 3 1
1 23 22 33 23 22 33 1
1 21 31 32 21 31 32 1
1 33 22 21 33 22 21 1
1 32 24 23 32 24 23 1
1 21 32 34 21 32 34 1
1 34 32 23 34 32 23 1
1 21 34 33 21 34 33 1
1 33 34 23 33 34 23 1
1 15 22 17 15 22 17 1
1 11 22 15 11 22 15 1
1 2 1 29 2 1 29 1
1 27 20 10 27 20 10 1
1 11 31 21 11 31 21 1
1 17 22 23 17 22 23 1
1 20 31 11 20 31 11 1
1 17 24 1 17 24 1 1
1 2 28 35 2 28 35 1
1 10 3 8 10 3 8 1
1 27 9 25 27 9 25 1
1 29 26 25 29 26 25 1
1 10 9 27 10 9 27 1
1 29 28 2 29 28 2 1
1 2 35 0 2 35 0 1
1 19 5 12 19 5 12 1
1 13 7 6 13 7 6 1
1 14 13 6 14 13 6 1
1 19 12 14 19 12 14 1
1 5 19 3 5 19 3 1
1 7 16 0 7 16 0 1
"R hand" 0 0
37
0 0.480000 -0.640000 -0.670000 0.306641 0.310547 5
0 0.480000 -0.640000 -0.390000 0.306641 0.310547 5
0 0.340000 0.000000 0.300000 0.298828 0.267578 5
0 0.340000 0.000000 -0.370000 0.298828 0.267578 5
0 0.140000 -0.750000 -0.670000 0.287109 0.314453 5
0 -0.270000 0.000000 -0.370000 0.259766 0.267578 5
0 0.030000 -1.290000 0.430000 0.279297 0.349609 5
0 0.310000 -1.560000 0.380000 0.298828 0.369141 5
0 -0.180000 -1.400000 0.430000 0.263672 0.357422 5
0 -0.270000 0.000000 0.300000 0.259766 0.267578 5
0 -0.350000 -0.960000 0.490000 0.255859 0.330078 5
0 0.080000 -1.670000 -0.390000 0.283203 0.373047 5
0 0.080000 -1.670000 0.380000 0.283203 0.373047 5
0 0.310000 -1.560000 -0.390000 0.298828 0.369141 5
0 -0.020000 0.210000 0.000000 0.275391 0.255859 5
0 0.310000 -1.290000 -0.670000 0.298828 0.349609 5
0 0.310000 -1.290000 -0.390000 0.298828 0.349609 5
0 0.480000 -1.290000 -0.670000 0.306641 0.349609 5
0 -0.120000 -0.860000 -0.500000 0.267578 0.322266 5
0 -0.350000 -0.960000 -0.500000 0.255859 0.330078 5
0 0.340000 0.000000 0.300000 0.361328 0.255859 5
0 0.480000 -0.640000 -0.390000 0.373047 0.302734 5
0 0.140000 -0.750000 -0.390000 0.341797 0.310547 5
0 0.480000 -1.290000 -0.390000 0.373047 0.353516 5
0 0.310000 -1.290000 -0.390000 0.357422 0.353516 5
0 -0.180000 -1.400000 -0.450000 0.263672 0.357422 5
0 0.310000 -1.290000 -0.670000 0.357422 0.353516 5
0 0.030000 -1.290000 -0.450000 0.279297 0.349609 5
0 0.480000 -1.290000 -0.390000 0.306641 0.349609 5
0 -0.120000 -0.860000 0.490000 0.267578 0.322266 5
0 -0.120000 -0.860000 0.490000 0.314453 0.322266 5
0 0.030000 -1.290000 -0.450000 0.330078 0.353516 5
0 0.310000 -1.560000 -0.390000 0.357422 0.373047 5
0 0.030000 -1.290000 0.430000 0.330078 0.353516 5
0 0.140000 -0.750000 -0.670000 0.341797 0.310547 5
0 -0.120000 -0.860000 -0.500000 0.314453 0.322266 5
0 0.310000 -1.560000 0.380000 0.357422 0.373047 5
36
-0.780995 -0.237712 0.577529
-0.994208 -0.107471 0.000000
-0.660309 -0.624969 -0.416420
-0.473631 -0.758565 0.447497
0.171376 -0.090699 0.981022
0.559815 -0.452693 0.694029
-0.057813 0.117176 -0.991427
-0.235144 0.486856 -0.841236
0.570604 0.420340 -0.705497
0.466466 -0.562964 -0.682262
0.699122 0.054574 -0.712916
0.052089 0.690426 0.721525
0.147897 0.947675 -0.282912
-0.392524 0.820733 0.415117
0.041935 -0.998831 -0.024037
0.000000 0.707107 0.707107
0.000000 1.000000 0.000000
-0.333333 0.666667 0.666667
0.135979 0.006986 0.990687
0.812005 0.167905 0.558977
-0.611167 0.617971 -0.494558
-0.080381 0.248451 -0.965304
0.126253 0.805883 -0.578458
0.000000 0.000000 -1.000000
0.426574 0.134292 -0.894427
0.518522 0.491225 0.699881
0.953849 0.300286 0.000000
-0.065889 0.130039 0.989317
-0.894427 0.447214 0.000000
0.011797 -0.100046 -0.994913
-0.909505 0.412291 -0.053080
-0.882178 -0.470917 0.000000
-0.694136 -0.719844 0.000000
-0.796757 -0.604300 0.000000
0.081221 0.996696 0.000000
-0.914122 0.405439 0.000000
46
0 0 1 2 0 1 2 1
0 3 0 2 3 0 2 1
0 4 0 5 4 0 5 1
0 6 7 8 6 7 8 1
0 9 10 5 9 10 5 1
0 11 12 13 11 12 13 1
0 8 10 6 8 10 6 1
0 5 14 9 5 14 9 1
0 15 16 17 15 16 17 1
0 18 5 19 18 5 19 1
0 3 2 14 3 2 14 1
0 2 9 14 2 9 14 1
0 5 3 14 5 3 14 1
0 20 21 22 20 21 22 1
0 23 24 21 23 24 21 1
0 25 19 8 25 19 8 1
0 24 26 22 24 26 22 1
0 25 11 27 25 11 27 1
0 15 17 4 15 17 4 1
0 27 18 25 27 18 25 1
0 18 4 5 18 4 5 1
0 8 12 25 8 12 25 1
0 18 19 25 18 19 25 1
0 1 0 28 1 0 28 1
0 10 9 29 10 9 29 1
0 0 3 5 0 3 5 1
0 30 20 22 30 20 22 1
0 31 32 33 31 32 33 1
0 9 2 29 9 2 29 1
0 22 34 30 22 34 30 1
0 35 31 30 35 31 30 1
0 8 7 12 8 7 12 1
0 5 10 19 5 10 19 1
0 13 12 7 13 12 7 1
0 6 10 29 6 10 29 1
0 17 16 28 17 16 28 1
0 21 24 22 21 24 22 1
0 8 19 10 8 19 10 1
0 22 26 34 22 26 34 1
0 27 11 13 27 11 13 1
0 4 17 0 4 17 0 1
0 25 12 11 25 12 11 1
0 28 0 17 28 0 17 1
0 33 32 36 33 32 32 1
0 30 34 35 30 34 35 1
0 30 31 33 30 31 33 1
"L hand" 0 0
37
0 -0.330000 0.000000 0.300000 0.298828 0.267578 12
0 -0.470000 -0.640000 -0.390000 0.306641 0.310547 12
0 -0.470000 -0.640000 -0.670000 0.306641 0.310547 12
0 -0.330000 0.000000 -0.370000 0.298828 0.267578 12
0 0.280000 0.000000 -0.370000 0.259766 0.267578 12
0 -0.130000 -0.750000 -0.670000 0.287109 0.314453 12
0 0.190000 -1.400000 0.430000 0.263672 0.357422 12
0 -0.070000 -1.670000 0.380000 0.283203 0.373047 12
0 -0.020000 -1.290000 0.430000 0.279297 0.349609 12
0 0.360000 -0.960000 -0.500000 0.255859 0.330078 12
0 0.280000 0.000000 0.300000 0.259766 0.267578 12
0 -0.300000 -1.560000 -0.390000 0.298828 0.369141 12
0 -0.300000 -1.560000 0.380000 0.298828 0.369141 12
0 -0.070000 -1.670000 -0.390000 0.283203 0.373047 12
0 0.130000 -0.860000 0.490000 0.267578 0.322266 12
0 0.030000 0.210000 0.000000 0.275391 0.255859 12
0 -0.470000 -1.290000 -0.670000 0.306641 0.349609 12
0 -0.470000 -1.290000 -0.390000 0.306641 0.349609 12
0 -0.300000 -1.290000 -0.670000 0.298828 0.349609 12
0 0.130000 -0.860000 -0.500000 0.267578 0.322266 12
0 -0.130000 -0.750000 -0.390000 0.341797 0.310547 12
0 -0.470000 -0.640000 -0.390000 0.373047 0.302734 12
0 -0.330000 0.000000 0.300000 0.361328 0.255859 12
0 -0.470000 -1.290000 -0.390000 0.373047 0.353516 12
0 0.360000 -0.960000 0.490000 0.255859 0.330078 12
0 0.190000 -1.400000 -0.450000 0.263672 0.357422 12
0 -0.130000 -0.750000 -0.670000 0.341797 0.310547 12
0 -0.300000 -1.290000 -0.390000 0.357422 0.353516 12
0 -0.020000 -1.290000 -0.450000 0.279297 0.349609 12
0 0.130000 -0.860000 0.490000 0.314453 0.322266 12
0 -0.020000 -1.290000 0.430000 0.330078 0.353516 12
0 -0.300000 -1.560000 0.380000 0.357422 0.373047 12
0 -0.020000 -1.290000 -0.450000 0.330078 0.353516 12
0 0.130000 -0.860000 -0.500000 0.314453 0.322266 12
0 -0.300000 -1.290000 -0.390000 0.298828 0.349609 12
0 -0.300000 -1.290000 -0.670000 0.357422 0.353516 12
0 -0.300000 -1.560000 -0.390000 0.357422 0.373047 12
36
0.660309 -0.624969 -0.416420
0.997433 -0.071601 0.000000
0.578225 -0.237742 0.780470
0.473631 -0.758565 0.447497
-0.432218 -0.481935 0.762185
-0.229539 -0.121482 0.965688
-0.516717 0.494244 -0.699090
-0.061401 0.679297 -0.731290
0.061259 0.120503 -0.990821
-0.828669 0.042830 0.558097
-0.633301 -0.503949 -0.587337
0.242954 0.502302 0.829859
0.391402 0.818386 -0.420772
-0.143719 0.949155 0.280088
0.006214 -0.046540 -0.998897
-0.041935 -0.998831 -0.024037
0.816497 0.408248 0.408248
0.447214 0.894427 0.000000
0.000000 0.707107 0.707107
-0.135978 0.006986 0.990687
0.208702 0.731303 -0.649338
0.121809 0.376501 -0.918374
0.611167 0.617971 -0.494558
0.000000 0.000000 -1.000000
-0.817259 0.155951 -0.554768
-0.471058 0.381645 0.795268
-0.706297 0.707916 0.000000
-0.853149 0.268584 -0.447214
0.062838 0.119963 0.990788
0.905500 0.415812 -0.084672
0.882178 -0.470917 0.000000
0.694136 -0.719844 0.000000
0.796757 -0.604300 0.000000
0.914122 0.405439 0.000000
0.000000 1.000000 0.000000
-0.953849 0.300286 0.000000
46
0 0 1 2 0 1 2 1
0 0 2 3 0 2 3 1
0 4 2 5 4 2 5 1
0 6 7 8 6 7 8 1
0 4 9 10 4 9 10 1
0 11 12 13 11 12 13 1
0 8 14 6 8 14 6 1
0 10 15 4 10 15 4 1
0 16 17 18 16 17 18 1
0 9 4 19 9 4 19 1
0 15 0 3 15 0 3 1
0 15 10 0 15 10 0 1
0 15 3 4 15 3 4 1
0 20 21 22 20 21 22 1
0 21 20 23 21 20 23 1
0 6 24 25 6 24 25 1
0 20 26 27 20 26 27 1
0 28 11 25 28 11 25 1
0 5 2 18 5 2 18 1
0 25 19 28 25 19 28 1
0 4 5 19 4 5 19 1
0 25 13 6 25 13 6 1
0 25 9 19 25 9 19 1
0 17 16 1 17 16 1 1
0 14 10 24 14 10 24 1
0 4 3 2 4 3 2 1
0 20 22 29 20 22 29 1
0 30 31 32 30 31 32 1
0 14 0 10 14 0 10 1
0 29 33 20 29 33 20 1
0 29 30 33 29 30 33 1
0 8 7 12 8 7 12 1
0 10 9 24 10 9 24 1
0 13 12 7 13 12 7 1
0 6 14 24 6 14 24 1
0 18 17 34 18 17 34 1
0 23 20 27 23 20 27 1
0 25 24 9 25 24 9 1
0 27 26 35 27 26 35 1
0 25 11 13 25 11 13 1
0 18 2 16 18 2 16 1
0 6 13 7 6 13 7 1
0 1 16 2 1 16 2 1
0 32 31 36 32 31 31 1
0 20 33 26 20 33 26 1
0 33 30 32 33 30 32 1

Materials: 2
"Vram"
0.200000 0.200000 0.200000 1.000000
0.800000 0.800000 0.800000 1.000000
0.000000 0.000000 0.000000 1.000000
1.000000 1.000000 1.000000 1.000000
0.000000
1.000000
".\alice.bmp"
""
"Material01"
0.200000 0.200000 0.200000 1.000000
0.800000 0.800000 0.800000 1.000000
0.000000 0.000000 0.000000 1.000000
1.000000 1.000000 1.000000 1.000000
0.000000
1.000000
".\face.ini"
""

Bones: 16
"torso"
""
8 0.000000 0.000000 0.000000 0.000000 0.000000 0.000000
0
0
"head"
""
8 0.000000 0.000000 0.000000 0.000000 0.000000 0.000000
0
0
"pelvis"
""
8 0.000000 0.000000 0.000000 0.000000 0.000000 0.000000
0
0
"r lower arm"
""
8 0.000000 0.000000 0.000000 0.000000 0.000000 0.000000
0
0
"r foot"
""
8 0.000000 0.000000 0.000000 0.000000 0.000000 0.000000
0
0
"r hand"
""
8 0.000000 0.000000 0.000000 0.000000 0.000000 0.000000
0
0
"r leg"
""
8 0.000000 0.000000 0.000000 0.000000 0.000000 0.000000
0
0
"r thigh"
""
8 0.000000 0.000000 0.000000 0.000000 0.000000 0.000000
0
0
"r upper arm"
""
8 0.000000 0.000000 0.000000 0.000000 0.000000 0.000000
0
0
"neck"
""
8 0.000000 0.000000 0.000000 0.000000 0.000000 0.000000
0
0
"l lower arm"
""
8 0.000000 0.000000 0.000000 0.000000 0.000000 0.000000
0
0
"l foot"
""
8 0.000000 0.000000 0.000000 0.000000 0.000000 0.000000
0
0
"l hand"
""
8 0.000000 0.000000 0.000000 0.000000 0.000000 0.000000
0
0
"l leg"
""
8 0.000000 0.000000 0.000000 0.000000 0.000000 0.000000
0
0
"l thigh"
""
8 0.000000 0.000000 0.000000 0.000000 0.000000 0.000000
0
0
"l upper arm"
""
8 0.000000 0.000000 0.000000 0.000000 0.000000 0.000000
0
0
